0.013392
-0.008810
0.167441
0.073364
0.099752
-0.127750
-0.239672
-0.067928
-0.003909
0.089356
-0.001765
-0.129656
-0.066798
0.018171
0.083105
-0.054825
-0.063803
0.000709
-0.066985
-0.082776
0.061250
-0.036759
-0.028949
-0.091687
-0.058381
0.006462
0.004674
-0.075073
-0.014423
0.147556
-0.020648
-0.026070
-0.013822
-0.254340
0.057742
-0.003611
-0.022617
0.071500
0.157727
-0.039227
0.118277
0.179311
-0.073135
-0.062982
0.207069
-0.090301
0.173555
0.138309
-0.037537
-0.030431
0.125357
-0.027385
-0.004633
0.079898
0.053996
0.008585
0.135529
0.001385
0.075136
-0.157491
-0.023738
0.033649
-0.007960
-0.054087
-0.138043
0.171655
0.041811
0.152496
0.068648
-0.058856
0.131675
-0.083298
0.077396
-0.080352
-0.008543
0.149620
0.039777
0.333843
0.180093
0.175628
0.066747
-0.105017
0.032937
0.045508
-0.234701
-0.061390
-0.216180
-0.100134
-0.046227
-0.081756
0.018439
-0.039492
-0.166956
-0.094515
0.000357
0.115574
0.187743
0.011220
0.018121
0.127830
